3 3 3 9 9
4.38522183 4.90154211 4.73495168 3.23524291 3.3712317  3.90457685   3.98482925 1.76293613 2.73709707
  4.90154211 7.95843292 6.85877113 4.48993154 4.08977709 4.2444805   5.56531504 2.42349058 4.75625228
  4.73495168 6.85877113 9.17110133 5.77781125 5.75502403 6.59914722   7.64764375 2.24318363 5.10728634
  3.23524291 4.48993154 5.77781125 4.20939299 3.09490124 4.20460798   4.79643629 1.63625453 2.56297486
  3.3712317  4.08977709 5.75502403 3.09490124 5.80371152 4.55503776   4.79743597 1.09698876 3.10138951
  3.90457685 4.2444805  6.59914722 4.20460798 4.55503776 6.15544006   5.57088223 1.59789836 3.24672785
  3.98482925 5.56531504 7.64764375 4.79643629 4.79743597 5.57088223   7.47397106 1.45130741 4.15710488
  1.76293613 2.42349058 2.24318363 1.63625453 1.09698876 1.59789836   1.45130741 1.13463185 1.35005494
  2.73709707 4.75625228 5.10728634 2.56297486 3.10138951 3.24672785   4.15710488 1.35005494 4.92779008

